# Camera list with one line of data per camera:
#   CAMERA_ID, MODEL, WIDTH, HEIGHT, PARAMS[]
# Number of cameras: 49
1 SIMPLE_RADIAL 640 512 1439.7506076834127 320 256 -0.052349003872206423
2 SIMPLE_RADIAL 640 512 1450.9669861202156 320 256 -0.023948207546917944
3 SIMPLE_RADIAL 640 512 1430.9130088001712 320 256 0.020355150065448416
4 SIMPLE_RADIAL 640 512 1435.4295118456457 320 256 0.00075873417865274988
5 SIMPLE_RADIAL 640 512 1440.4438353410287 320 256 0.016134133312935419
6 SIMPLE_RADIAL 640 512 1436.8878547684781 320 256 -0.012133783213265763
7 SIMPLE_RADIAL 640 512 1419.7248104305647 320 256 -0.034008453021615696
8 SIMPLE_RADIAL 640 512 1425.8825452342148 320 256 0.010023949657613522
9 SIMPLE_RADIAL 640 512 1441.1304994852512 320 256 0.00050979580749884465
10 SIMPLE_RADIAL 640 512 1442.8978072021544 320 256 -0.028843788769534497
11 SIMPLE_RADIAL 640 512 1447.6874620527412 320 256 -0.042140653871726573
12 SIMPLE_RADIAL 640 512 1451.9629863815881 320 256 -0.061575517463669724
13 SIMPLE_RADIAL 640 512 1447.0738351725061 320 256 -0.048644343938634663
14 SIMPLE_RADIAL 640 512 1446.4298770336616 320 256 -0.02651428712765674
15 SIMPLE_RADIAL 640 512 1432.0035028175987 320 256 -0.020085092953080239
16 SIMPLE_RADIAL 640 512 1439.3928439153335 320 256 -0.019760461120381378
17 SIMPLE_RADIAL 640 512 1430.6278406963645 320 256 -0.00032879853106222658
18 SIMPLE_RADIAL 640 512 1434.1447513513106 320 256 -0.011633286988346233
19 SIMPLE_RADIAL 640 512 1424.0676265466338 320 256 -0.016529408834089265
20 SIMPLE_RADIAL 640 512 1427.5179112536971 320 256 -0.067169274123941108
21 SIMPLE_RADIAL 640 512 1423.3834568558636 320 256 -0.058002618752313558
22 SIMPLE_RADIAL 640 512 1437.2280336024514 320 256 -0.032779681488668985
23 SIMPLE_RADIAL 640 512 1427.1844798504737 320 256 -0.015906307203420886
24 SIMPLE_RADIAL 640 512 1434.9247209218031 320 256 -0.029291422663441036
25 SIMPLE_RADIAL 640 512 1424.4643026131391 320 256 -0.030325544328984107
26 SIMPLE_RADIAL 640 512 1447.0201137881227 320 256 -0.026799714347138147
27 SIMPLE_RADIAL 640 512 1448.0475411495074 320 256 -0.042554045750250541
28 SIMPLE_RADIAL 640 512 1445.5946897715535 320 256 -0.040421127886161562
29 SIMPLE_RADIAL 640 512 1445.6300628659953 320 256 -0.024261648237640092
30 SIMPLE_RADIAL 640 512 1444.9701376367634 320 256 -0.038935262119549591
31 SIMPLE_RADIAL 640 512 1441.6233675331503 320 256 -0.028657780093526909
32 SIMPLE_RADIAL 640 512 1438.0168003159115 320 256 -0.018589276956889313
33 SIMPLE_RADIAL 640 512 1413.6346042323164 320 256 -0.0056117685748836585
34 SIMPLE_RADIAL 640 512 1421.5852755860269 320 256 -0.012275338526552094
35 SIMPLE_RADIAL 640 512 1428.7161565579593 320 256 -0.042278260547881488
36 SIMPLE_RADIAL 640 512 1425.3812251115808 320 256 -0.037754306342846468
37 SIMPLE_RADIAL 640 512 1435.3317638390515 320 256 -0.0075308830570112078
38 SIMPLE_RADIAL 640 512 1429.3629380897796 320 256 -0.073958735245152493
39 SIMPLE_RADIAL 640 512 1426.3980549364894 320 256 -0.37127112462875078
40 SIMPLE_RADIAL 640 512 1428.2093823718224 320 256 -0.080914355920698178
41 SIMPLE_RADIAL 640 512 1435.063196454209 320 256 -0.021705199685804748
42 SIMPLE_RADIAL 640 512 1435.9636790247293 320 256 -0.022113975373377073
43 SIMPLE_RADIAL 640 512 1431.0703106812455 320 256 -0.038984575592560362
44 SIMPLE_RADIAL 640 512 1420.7029728414143 320 256 -0.012558349939514301
45 SIMPLE_RADIAL 640 512 1388.0935177062779 320 256 -0.016116637447475417
46 SIMPLE_RADIAL 640 512 1400.8397457981932 320 256 -0.033147398682677499
47 SIMPLE_RADIAL 640 512 1449.0527209673055 320 256 -0.039511387580703404
48 SIMPLE_RADIAL 640 512 1442.5994589939517 320 256 -0.050046647859342042
49 SIMPLE_RADIAL 640 512 1443.386265648237 320 256 -0.060529480815713001
