# Camera list with one line of data per camera:
#   CAMERA_ID, MODEL, WIDTH, HEIGHT, PARAMS[]
# Number of cameras: 33
1 SIMPLE_RADIAL 504 378 436.82154458148693 252 189 0.019735704886567264
2 SIMPLE_RADIAL 504 378 436.99321589165811 252 189 0.022283048403054999
3 SIMPLE_RADIAL 504 378 436.96511093831805 252 189 0.022756874182006386
4 SIMPLE_RADIAL 504 378 436.6343775867266 252 189 0.023821690674217209
5 SIMPLE_RADIAL 504 378 436.8615659976395 252 189 0.023586513991441405
6 SIMPLE_RADIAL 504 378 437.69634821553376 252 189 0.017503133788375144
7 SIMPLE_RADIAL 504 378 438.02790408547287 252 189 0.015145563326274073
8 SIMPLE_RADIAL 504 378 437.58361054975626 252 189 0.017626712954468247
9 SIMPLE_RADIAL 504 378 437.29449811612687 252 189 0.015316199840642029
10 SIMPLE_RADIAL 504 378 437.11041697922457 252 189 0.020082223301770327
11 SIMPLE_RADIAL 504 378 437.23922767946397 252 189 0.018306777105406374
12 SIMPLE_RADIAL 504 378 437.2008355643415 252 189 0.020173210647725617
13 SIMPLE_RADIAL 504 378 437.17257284606319 252 189 0.01901389231979355
14 SIMPLE_RADIAL 504 378 436.62622738113794 252 189 0.021640484362160473
15 SIMPLE_RADIAL 504 378 436.1932678955024 252 189 0.022849091640054334
16 SIMPLE_RADIAL 504 378 436.0453048875446 252 189 0.021842777724879091
17 SIMPLE_RADIAL 504 378 437.07254430385348 252 189 0.020147426448376443
18 SIMPLE_RADIAL 504 378 437.15898483314606 252 189 0.022658038081207192
19 SIMPLE_RADIAL 504 378 437.44302068665917 252 189 0.02362573819631885
20 SIMPLE_RADIAL 504 378 437.50235036290053 252 189 0.020439113153756551
21 SIMPLE_RADIAL 504 378 437.72303268117946 252 189 0.018087127889220584
22 SIMPLE_RADIAL 504 378 437.86357594604749 252 189 0.017596713589311506
23 SIMPLE_RADIAL 504 378 438.24816721031192 252 189 0.018389114433874618
24 SIMPLE_RADIAL 504 378 438.12770364669916 252 189 0.018594999901796298
25 SIMPLE_RADIAL 504 378 436.62356475349429 252 189 0.0243085119924689
26 SIMPLE_RADIAL 504 378 438.13678572343321 252 189 0.016776591466428806
27 SIMPLE_RADIAL 504 378 437.91232349700283 252 189 0.017524577917485271
28 SIMPLE_RADIAL 504 378 437.48641556501082 252 189 0.021624557870611058
29 SIMPLE_RADIAL 504 378 437.41882264886812 252 189 0.022307795915696912
30 SIMPLE_RADIAL 504 378 437.33692348039295 252 189 0.021676516755196561
31 SIMPLE_RADIAL 504 378 437.34675672448776 252 189 0.020719708056519459
32 SIMPLE_RADIAL 504 378 436.74329733487923 252 189 0.022778758934906534
33 SIMPLE_RADIAL 504 378 435.80055164449379 252 189 0.027742415220370461
